00100000000010000010000000000000
10001101000010010000000000000000
00111100000000011111101011111110
00110100001010101111000111110000
00100100000001010000000000000001
00010001001010100000000000000010
00001100000000000000000100101111
00001000000000000000000000001001
00001100000000000000000100100011
00100000000010000010000000000000
10000001000010010000000000000000
00100100000010101111111111110000
00100100000001010000000000000010
00010001001010100000000000000010
00001100000000000000000100101111
00001000000000000000000000010001
00001100000000000000000100100011
00100000000010000010000000000000
10010001000010010000000000000000
00100100000010100000000011110000
00100100000001010000000000000011
00010001001010100000000000000010
00001100000000000000000100101111
00001000000000000000000000011001
00001100000000000000000100100011
00100000000010000010000000000000
10000101000010010000000000000000
00100100000010101111000111110000
00100100000001010000000000000100
00010001001010100000000000000010
00001100000000000000000100101111
00001000000000000000000000100001
00001100000000000000000100100011
00100000000010000010000000000000
10010101000010010000000000000000
00110100000010101111000111110000
00100100000001010000000000000101
00010001001010100000000000000010
00001100000000000000000100101111
00001000000000000000000000101001
00001100000000000000000100100011
00111100000010010000000000001001
00100100000010100000000000001001
00000000000010100101010000000000
00100100000001010000000000000110
00010001001010100000000000000010
00001100000000000000000100101111
00001000000000000000000000110001
00001100000000000000000100100011
00100000000010000010000000000000
10001101000010010000000000000000
00111100000000011111101011111110
00110100001010101111000111110000
10101101000010100000000000000000
10001101000010110000000000000000
00100100000001010000000000000111
00010001001010110000000000000010
00001100000000000000000100101111
00001000000000000000000000111100
00001100000000000000000100100011
00100000000010000010000000000000
00111100000000011111101011111110
00110100001010011111111111110000
10101101000010010000000000000000
00111100000000011111101011111110
00110100001010011111000111110000
00100100000010100000000011110001
10100001000010100000000000000001
10001101000010110000000000000000
00100100000001010000000000001000
00010001001010110000000000000010
00001100000000000000000100101111
00001000000000000000000001001010
00001100000000000000000100100011
00100000000010000010000000000000
00111100000000011111111100000000
00110100001010011111000111110000
10101101000010010000000000000000
00111100000000011111101011111110
00110100001010011111000111110000
00110100000010101111101011111110
10100101000010100000000000000010
10001101000010110000000000000000
00100100000001010000000000001001
00010001001010110000000000000001
00001100000000000000000100101111
00001100000000000000000100100011
00100100000010010000000000000001
00100100000001010000000000001010
00011001001000000000000000000010
00001100000000000000000100100011
00001000000000000000000001011101
00001100000000000000000100101111
00100100000010011111111111111111
00100100000001010000000000001011
00011001001000000000000000000010
00001100000000000000000100101111
00001000000000000000000001100011
00001100000000000000000100100011
00100100000010011111111111111011
00100100000001010000000000001100
00011101001000000000000000000010
00001100000000000000000100100011
00001000000000000000000001101001
00001100000000000000000100101111
00100100000010010000000000000101
00100100000001010000000000001101
00011101001000000000000000000010
00001100000000000000000100101111
00001000000000000000000001110001
00001100000000000000000100100011
00000000000000000100100000100000
00100100000001010000000000001110
00100001001010010000000000000101
00101001001010100000000000001000
00100000000000010000000000000001
00010000001010101111111111111100
00100000000000010000000000000101
00010000001010010000000000000010
00001100000000000000000100100011
00001000000000000000000001111010
00001100000000000000000100101111
00100100000010011111111111111111
00101101001010100000000000001000
00100100000001010000000000001111
00100000000000010000000000000001
00010100001010100000000000000010
00001100000000000000000100101111
00001000000000000000000010000010
00001100000000000000000100100011
00100100000010010000000000000101
00110001001010010000000000000011
00100100000001010000000000010000
00100000000000010000000000000001
00010000001010010000000000000010
00001100000000000000000100101111
00001000000000000000000010001010
00001100000000000000000100100011
00100100000010010000000000000100
00110101001010010000000000000001
00100100000001010000000000010001
00100000000000010000000000000101
00010000001010010000000000000010
00001100000000000000000100101111
00001000000000000000000010010010
00001100000000000000000100100011
00100100000010010000000000000111
00111001001010010000000000000001
00100100000001010000000000010010
00100000000000010000000000000110
00010000001010010000000000000010
00001100000000000000000100101111
00001000000000000000000010011010
00001100000000000000000100100011
00100100000010010000000000000000
00100100000001010000000000010011
00001100000000000000000010100000
00010101001000000000000000000100
00001100000000000000000100101111
00001000000000000000000010100011
00100100000010010000000000000001
00000011111000000000000000001000
00001100000000000000000100100011
00100100000010011111111111111110
00100100000010100000000000000011
00000001001010100101100000100000
00100100000001010000000000010100
00100000000000010000000000000001
00010000001010110000000000000010
00001100000000000000000100101111
00001000000000000000000010101100
00001100000000000000000100100011
00100100000010011111111111111110
00100100000010100000000000000011
00000001001010100101100000100001
00100100000001010000000000010101
00100000000000010000000000000001
00010000001010110000000000000010
00001100000000000000000100101111
00001000000000000000000010110101
00001100000000000000000100100011
00100100000010011111111111111110
00100100000010100000000000000011
00000001001010100101100000100010
00100100000001010000000000010110
00100000000000011111111111111011
00010000001010110000000000000010
00001100000000000000000100101111
00001000000000000000000010111110
00001100000000000000000100100011
00100100000010010000000000001111
00111100000000010010000000000000
00110100001010100000000000000000
00000001001010100000000000011000
00100100000001010000000000010111
00000000000000000100100000010010
00000000000000000101000000010000
00111100000000011110000000000000
00110100001000010000000000000000
00010000001010010000000000000010
00001100000000000000000100101111
00001000000000000000000011001111
00100000000000010000000000000001
00010000001010100000000000000010
00001100000000000000000100101111
00001000000000000000000011001111
00001100000000000000000100100011
00100100000010010000000000001111
00111100000000010010000000000000
00110100001010100000000000000000
00000001010010010000000000011010
00100100000001010000000000011000
00000000000000000100100000010010
00000000000000000101000000010000
00111100000000010000001000100010
00110100001000010010001000100010
00010000001010010000000000000010
00001100000000000000000100101111
00001000000000000000000011100000
00100000000000010000000000000010
00010000001010100000000000000010
00001100000000000000000100101111
00001000000000000000000011100000
00001100000000000000000100100011
00100100000010010000000000000101
00100100000010100000000000000011
00000001001010100101100000100100
00100100000001010000000000011001
00100000000000010000000000000001
00010000001010110000000000000010
00001100000000000000000100101111
00001000000000000000000011101001
00001100000000000000000100100011
00100100000010010000000000000100
00100100000010100000000000000001
00000001001010100101100000100101
00100100000001010000000000011010
00100000000000010000000000000101
00010000001010110000000000000010
00001100000000000000000100101111
00001000000000000000000011110010
00001100000000000000000100100011
00100100000010010000000000000111
00100100000010100000000000000001
00000001001010100101100000100110
00100100000001010000000000011011
00100000000000010000000000000110
00010000001010110000000000000010
00001100000000000000000100101111
00001000000000000000000011111011
00001100000000000000000100100011
00111100000000011111111100001111
00110100001010011111000011111111
00111100000000010000111100001111
00110100001010100000000000001111
00000001001010100101100000100111
00100100000001010000000000011100
00111100000000010000000011110000
00110100001000010000111100000000
00010000001010110000000000000010
00001100000000000000000100101111
00001000000000000000000100000111
00001100000000000000000100100011
00100100000010011111111111111111
00100100000010100000000000001000
00000001001010100101100000101010
00100100000001010000000000011101
00100000000000010000000000000001
00010000001010110000000000000010
00001100000000000000000100101111
00001000000000000000000100010000
00001100000000000000000100100011
00100100000010011111111111111111
00000000000010010101000010000010
00100100000001010000000000011110
00111100000000010011111111111111
00110100001000011111111111111111
00010000001010100000000000000010
00001100000000000000000100101111
00001000000000000000000100011001
00001100000000000000000100100011
00100100000010011111111111111111
00000000000010010101000010000011
00100100000001010000000000011111
00100000000000011111111111111111
00010000001010100000000000000010
00001100000000000000000100101111
00001000000000000000000100100001
00001100000000000000000100100011
00100100000000100000000000001010
00000000000000000000000000001100
00100000000001000010000000001000
00100100000000100000000000000100
00000000000000000000000000001100
00000000000001010010000000100000
00100100000000100000000000000001
00000000000000000000000000001100
00100000000001000010000000001110
00100100000000100000000000000100
00000000000000000000000000001100
00100000000001000010000000000110
00000000000000000000000000001100
00000011111000000000000000001000
00100000000001000010000000001000
00100100000000100000000000000100
00000000000000000000000000001100
00000000000001010010000000100000
00100100000000100000000000000001
00000000000000000000000000001100
00100000000001000010000000010010
00100100000000100000000000000100
00000000000000000000000000001100
00100000000001000010000000000110
00000000000000000000000000001100
00000011111000000000000000001000
